Sample	Unique	Multi	Unmapped Reads
100bp.paired.2	57.63	32.96	9.41	20292051
100bp.single.2	58.10	38.76	3.14	20292051
50bp.paired.2	57.16	31.38	11.46	20292051
50bp.single.2	45.81	43.50	10.69	20292051
100bp.paired.6	58.32	28.67	13.01	18419280
100bp.single.6	61.04	34.30	4.66	18419280
50bp.paired.6	59.37	29.34	11.29	18419280
50bp.single.6	48.37	42.44	9.19	18419280
100bp.paired.Ae_Gae_2	65.52	21.59	12.89	12056966
100bp.single.Ae_Gae_2	68.95	26.89	4.16	12056966
50bp.paired.Ae_Gae_2	66.83	23.98	9.19	12056966
50bp.single.Ae_Gae_2	56.05	37.51	6.44	12056966
100bp.paired.Ae_Gae_3	60.54	25.29	14.17	10967134
100bp.single.Ae_Gae_3	63.16	31.97	4.87	10967134
50bp.paired.Ae_Gae_3	60.79	27.80	11.41	10967134
50bp.single.Ae_Gae_3	50.28	39.61	10.11	10967134
100bp.paired.All1_Gae_2	64.44	22.52	13.04	11214959
100bp.single.All1_Gae_2	67.23	28.35	4.42	11214959
50bp.paired.All1_Gae_2	65.02	25.09	9.89	11214959
50bp.single.All1_Gae_2	53.73	38.72	7.55	11214959
100bp.paired.All1_Gae_3	64.29	22.45	13.26	13603615
100bp.single.All1_Gae_3	67.02	28.57	4.41	13603615
50bp.paired.All1_Gae_3	64.89	25.53	9.58	13603615
50bp.single.All1_Gae_3	53.72	38.42	7.86	13603615
